Zero-shot: 0.63
Few-shot: 0.27808326787117044
CoT: 0.22309505106048705
